5.477469 7.103082 5.863831 1.056190
6.658386 5.773738 2.560232 1.266693
2.092316 2.599768 5.030267 1.119828
4.745080 1.437082 2.722371 0.766637
0.288842 2.739207 6.320674 0.818415
9.158851 0.794985 8.870177 0.753751
0.848235 3.725354 5.123300 0.979475
5.633164 4.999796 3.511397 0.944913
6.737355 3.002117 0.656786 0.838511
4.272935 0.531959 9.311776 0.873137
0.006403 4.776579 3.677700 1.126548
3.281203 8.657646 1.535503 1.533710
2.397189 6.000008 9.917517 1.488570
2.609366 6.787040 4.952986 1.228230
4.869741 2.709396 3.674526 1.313621
7.392020 0.262154 1.222406 0.953823
1.231227 1.141434 2.989819 0.800407
3.006670 6.903950 1.149924 0.832830
6.824589 3.759231 4.601639 1.089892
9.888699 5.663103 2.323326 0.764200
0.713799 2.238843 5.367443 0.855028
2.348683 6.089955 6.635907 1.500717
2.309749 1.185304 5.277761 0.754348
6.839577 4.701411 0.739184 1.372704
0.590400 0.231642 3.746299 0.989322
7.905910 1.726502 7.865329 1.453455
8.610693 4.785422 9.762773 1.480049
3.120178 9.528654 7.577060 0.771587
6.631037 5.960033 4.722075 0.752881
9.240177 9.515490 8.842545 0.810044
4.080233 7.911921 4.919103 0.996132
0.722511 0.194238 9.563927 1.043885
5.340723 5.711180 1.670140 0.992960
1.319502 5.933574 1.775688 1.428963
7.957512 6.171206 1.985163 0.823348
2.985909 9.841354 0.071759 0.921132
4.962466 6.542444 3.178650 0.769673
8.651087 5.738266 5.861764 1.129471
7.361862 0.231467 8.093356 0.838842
4.306955 0.537761 2.275821 0.751687
3.406431 8.696822 6.659038 1.010860
0.225277 1.741829 8.855612 1.215322
7.870913 6.867786 3.472685 0.749816
6.763011 8.403830 9.767685 0.793339
1.795535 1.471378 8.749890 0.898033
0.570319 2.078093 1.370044 0.935859
6.587015 7.447528 9.195709 0.781852
2.873205 6.857380 2.870660 1.099502
9.074268 7.633058 1.690395 0.856141
5.583783 3.776961 5.001324 0.842657
9.701791 5.489526 4.946514 0.829539
6.213662 6.776968 7.975135 0.773320
6.621511 6.356097 6.117523 0.938687
5.185822 7.615174 1.791036 0.896107
8.294600 0.382248 3.720026 0.813563
4.959761 5.816181 5.045808 0.811037
7.080949 5.007512 7.107787 1.569043
1.965579 3.532141 3.847901 0.858001
9.103991 3.190794 9.605059 0.863060
1.310991 5.789635 4.161014 1.433109
0.682963 6.796821 3.143556 0.835288
3.327609 0.725099 3.559347 1.448476
8.271675 7.875492 0.303609 0.921423
7.195377 8.078710 6.020743 0.754001
9.536871 8.710864 0.120010 0.943948
7.941085 9.367044 5.278342 1.125361
3.409285 1.594419 1.778834 1.039544
6.329820 0.049085 4.083026 1.328789
9.068560 9.665977 5.892956 0.790118
8.493515 0.237573 6.993642 1.093589
1.595525 9.583811 5.356086 0.893097
9.957429 9.541296 1.710329 0.819097
5.577170 9.510453 2.588626 0.813346
7.860774 8.717709 1.690545 1.212866
8.838449 3.839411 4.802092 1.609212
5.834193 0.367379 6.271523 1.349897
3.276812 5.138848 4.262449 1.542329
5.732358 9.361596 9.898425 0.789882
2.247969 4.180300 9.602822 1.073449
5.169358 2.890335 8.311893 0.791054
5.915058 3.517701 7.387825 0.870683
3.578427 0.159897 1.049348 0.820501
3.147030 1.052673 8.442095 0.948676
3.063797 0.028018 6.231272 0.792752
2.241170 1.810535 7.219712 1.044576
9.080243 0.081162 9.891804 0.785745
9.577490 2.727821 3.256363 1.278655
2.035251 8.461610 4.826546 0.756244
6.906919 5.028037 9.009728 1.151958
1.191562 4.871909 0.285894 0.770057
8.018195 2.259043 2.560971 0.786764
5.256271 8.502698 3.696137 1.432788
5.508772 2.017879 7.318520 0.967723
6.340828 6.668121 0.455371 1.137574
5.794608 1.958567 1.174327 0.966432
4.833697 1.414559 8.117129 0.779258
7.353424 1.269916 2.264854 0.852653
8.780458 8.044130 7.416279 0.815684
6.138304 1.584507 5.094243 1.204685
6.491075 3.783370 9.080031 0.748108
8.143911 6.841325 8.670705 1.614734
9.410793 8.462837 6.541767 0.864352
4.885954 2.609170 6.402690 0.762793
2.179405 3.561057 6.473914 0.781998
1.105247 7.297846 4.962872 1.119834
7.733330 3.780617 8.798061 0.787075
9.139979 0.332187 2.433508 0.902297
0.044473 6.908953 5.631215 0.818011
3.906016 5.157174 6.079888 1.263897
8.535103 3.650408 7.631690 1.288778
5.928743 6.920604 4.166090 0.809630
0.230349 8.611293 8.406419 1.273218
4.547627 1.332485 6.100106 0.904525
2.169009 9.302971 8.989676 1.118538
3.837156 3.789699 2.724293 0.834528
7.480880 8.107972 4.123730 1.264966
8.185183 3.460986 3.195410 0.765184
0.455127 0.101876 0.842193 0.806498
3.786180 8.101982 3.329915 0.750692
4.371927 9.614178 5.353073 1.377894
4.128486 8.219883 9.198094 0.948243
0.196025 4.239726 1.375927 1.602069
3.914608 1.802693 7.264762 1.094769
7.474495 9.065409 8.556727 0.747861
8.606805 1.597584 1.679334 0.999171
6.397057 2.680267 8.564115 0.853168
5.380617 9.203757 1.302933 0.919094
3.648104 3.114767 5.633010 1.323567
2.102123 0.176640 7.910080 0.931237
1.643028 7.808042 3.231721 0.767552
5.692301 0.213523 8.549928 1.330521
7.510572 9.167552 0.196546 0.808558
5.401614 2.198935 9.607174 1.114387
1.087559 4.654012 8.495412 0.989388
1.224258 8.815161 1.418984 0.793669
8.041301 6.186890 0.636668 0.843958
7.718474 6.252728 4.765597 0.852877
0.888055 0.444367 6.516456 1.372271
2.378855 8.422765 7.856078 0.936206
5.727832 0.314773 1.687833 0.844131
9.381879 6.290563 1.504580 0.794064
5.082543 7.580901 0.450078 1.037265
4.845858 1.311841 4.236094 0.753926
9.681678 4.716647 5.942106 0.773774
2.856625 2.610057 3.686114 1.014083
0.971008 8.138636 6.563299 1.475740
7.178093 2.784616 3.380909 0.958970
0.136105 4.231258 7.829870 0.781423
9.825288 9.163238 5.004262 0.789301
7.335138 1.237690 6.243583 1.132748
4.823944 8.921314 7.841123 0.807581
2.249426 7.680389 9.691075 0.931232
4.370970 4.577654 7.595817 0.821391
4.483388 9.293813 0.288883 1.090673
0.521860 3.194509 9.274996 1.003804
7.049428 4.104943 3.290931 0.939860
4.816066 6.659175 8.619584 1.391578
9.218952 6.490683 3.291175 1.291329
3.593942 5.497891 7.945364 1.003226
2.716620 1.741472 0.128978 1.307307
3.998195 7.190387 6.258647 0.950975
3.739755 3.198553 9.231792 1.566963
2.835082 7.941064 5.676696 0.783666
6.556426 2.996503 6.082031 1.353942
1.461027 1.148160 9.947513 0.771913
1.888321 3.361257 1.813461 1.232673
7.933771 1.977848 0.406384 1.073456
3.018144 8.292345 4.374733 0.828443
9.981045 7.363870 2.459770 0.760522
5.836887 3.680153 2.331599 1.149772
4.596875 6.104128 7.015464 0.765813
4.417546 1.135424 0.948946 0.850675
1.237206 7.279097 8.124420 0.808226
6.784360 0.876798 0.099518 0.933744
5.084753 3.317787 0.938788 0.871304
0.902992 0.152055 8.001671 0.803102
1.078578 1.619289 4.379665 0.804675
0.518564 1.002380 5.133488 0.838342
0.372168 7.430738 9.474117 1.011679
2.117113 4.545442 5.529104 0.805681
6.954348 8.687272 2.743080 0.770483
5.679336 5.158111 8.399668 0.785055
7.224294 8.305395 7.263028 0.797468
1.820580 2.920799 8.672719 0.842868
3.830119 3.474076 1.156101 0.769583
7.016271 6.982063 1.728523 0.940030
8.616837 0.556102 0.996219 0.792487
4.350866 7.740808 7.506271 0.847904
0.373140 6.067576 7.379075 1.426572
1.930370 0.271789 1.861787 0.886068
3.085592 3.899169 7.627513 0.985986
0.228987 2.924803 7.681096 0.996114
0.389888 8.527815 3.500880 1.370750
4.485628 5.176176 0.031281 1.619777
0.349017 5.630459 9.378590 1.122933
8.597269 7.427916 5.052117 1.034702
9.039077 1.736047 5.741165 1.427550
3.364303 4.999267 1.768997 1.445204
5.266075 8.856659 9.020819 0.747808
2.403805 9.070194 3.090126 1.102935
