8.5190839483506786e-01	7.2386567206919605e-01	5.35274905059824e-02	-5.1576281488131608e-04	1.2814776182644614e-04	
8.6514607814369282e-01	3.6660369797182668e-01	5.35274905059824e-02	3.6459324401489246e-04	-3.4529109986954228e-04	
5.4129497365128032e-01	3.2286191025406447e-02	5.35274905059824e-02	-2.3137066576935984e-04	2.6400733958697223e-04	
9.4744512319348517e-01	6.7630803880514923e-01	5.35274905059824e-02	-4.8374095488409603e-04	1.7487647071992015e-04	
1.9472548812456769e-01	4.6659418003690906e-01	5.35274905059824e-02	2.3063744633607645e-04	2.2502086410465733e-04	
2.8529366322825517e-01	7.0221312939669289e-01	5.35274905059824e-02	2.6443619343263243e-04	4.4963542665036411e-04	
8.3312391281072606e-01	3.7121270253078743e-02	5.35274905059824e-02	6.8631985103526625e-04	4.0801072548210133e-06	
4.9527552640897067e-02	2.5877968200203394e-01	5.35274905059824e-02	-9.9000404204046719e-05	-1.4471978367157847e-04	
6.7942219857564468e-01	6.0865823852807843e-01	5.35274905059824e-02	-1.2148570036002176e-04	2.6656096123754669e-04	
5.8486013669423742e-01	8.6890123645245410e-01	5.35274905059824e-02	-2.0656840599886893e-04	5.7570687788262602e-04	
7.7019140990465418e-01	7.8975126022034370e-01	5.35274905059824e-02	-5.2257390359529985e-04	4.3474197800967150e-04	
7.7858880577633205e-01	6.4680688984257417e-01	5.35274905059824e-02	-2.8762197684728671e-04	-1.3208148079649291e-04	
8.4627136076279230e-01	5.4794008473515166e-01	5.35274905059824e-02	-7.2129343624269908e-05	-3.8611640875133339e-04	
9.4084177547221282e-01	7.8026039001982195e-01	5.35274905059824e-02	-1.3313024391060479e-04	-4.6407757714417514e-06	
7.6754139117883524e-01	2.2528990537805493e-01	5.35274905059824e-02	4.7998504462571533e-04	-2.8085901798804682e-04	
5.0491469607231609e-01	8.0109877971285237e-01	5.35274905059824e-02	-3.1510425746742495e-04	5.2524780455181683e-04	
4.3863345352369709e-01	7.1877420199127129e-01	5.35274905059824e-02	-6.9321014955164362e-04	3.9774406947414666e-04	
2.5514245117164691e-01	5.8600653642027600e-02	5.35274905059824e-02	-7.7236345955839533e-04	-3.7272256403845681e-04	
1.4893779672177845e-01	5.0380546441993974e-02	5.35274905059824e-02	-6.8211986359807502e-04	1.8866497874801282e-04	
2.8411365385513510e-01	5.2298738536719336e-01	5.35274905059824e-02	1.8954507333256702e-04	3.7470435893870960e-04	
1.4593365502572991e-01	6.2960352052200708e-01	5.35274905059824e-02	-7.2272641744176933e-04	-2.0324961453882805e-04	
3.4486508004756400e-01	8.6572460067966850e-01	5.35274905059824e-02	-3.6284043416687207e-04	3.4934980742145526e-04	
3.7884445560096891e-01	2.2489572246326453e-01	5.35274905059824e-02	-1.3890109547689769e-04	2.1003239653677653e-04	
6.0089182539983421e-01	5.3726687587427502e-01	5.35274905059824e-02	7.3711920099858610e-04	-4.6694140529385589e-04	
6.4314248610230107e-01	6.1924858696566845e-02	5.35274905059824e-02	2.6761307805974821e-04	-3.4561098956663295e-04	
6.4843910982919206e-01	3.9758140395187874e-01	5.35274905059824e-02	-3.3333119743238703e-04	-9.1586776045108047e-04	
4.1231337214083175e-02	6.2853763496201409e-01	5.35274905059824e-02	-6.8674095782828687e-04	3.1728549069519782e-05	
9.3239895205789902e-01	8.8401489150678747e-01	5.35274905059824e-02	4.6868546913414949e-04	-1.2243582642318415e-04	
9.2770273811550341e-01	9.8883605045289902e-01	5.35274905059824e-02	4.8931447501419228e-04	-1.9416102207810555e-04	
7.6761382951629553e-01	9.5436723483809294e-01	5.35274905059824e-02	8.7032736896666587e-04	2.7722626985559923e-04	
6.9551696859881562e-01	4.9138133166128883e-01	5.35274905059824e-02	6.7891082051066106e-04	-1.3452446357869183e-03	
1.9813494853766400e-01	9.5656821479177412e-01	5.35274905059824e-02	-1.3305013615246553e-04	6.2856833708831638e-04	
1.2650072653143546e-01	1.8753507116531987e-01	5.35274905059824e-02	-2.9252432614678379e-04	-6.1348047239259917e-05	
2.8785296996437099e-01	4.1617885265475640e-01	5.35274905059824e-02	3.6049669008579641e-05	3.0562603732340042e-04	
2.8763127949388810e-02	8.3811166382709679e-01	5.35274905059824e-02	1.5199612008309332e-04	-1.2087870092468902e-04	
6.9766161864010756e-01	7.1406921573212967e-01	5.35274905059824e-02	-6.1573446719133027e-05	3.1980625670877843e-04	
4.4014935322759657e-01	6.1244598470221912e-01	5.35274905059824e-02	5.2971915259709165e-04	2.2925348273661116e-04	
1.0914949284496220e-01	5.2951984210997383e-01	5.35274905059824e-02	7.9977048380383111e-05	-4.1712492494917866e-04	
5.9512627058561340e-01	3.0651264630612907e-01	5.35274905059824e-02	-1.9978848767244852e-04	-7.6968363374790546e-04	
7.5527858809418924e-01	3.9644480293265350e-01	5.35274905059824e-02	-4.3711011719791500e-04	-7.0968307888235140e-04	
7.2676883057005170e-01	1.2794486778529279e-01	5.35274905059824e-02	3.2122971380509622e-04	-1.2481625785362038e-05	
1.8112237894624381e-02	4.5822771591963622e-02	5.35274905059824e-02	4.0806509055389380e-04	-2.9806387552459997e-04	
4.9652987679530414e-01	2.6789059397027115e-01	5.35274905059824e-02	-4.1680661706300365e-04	4.2340184158934607e-05	
1.2634863333174529e-01	8.7955101494197752e-01	5.35274905059824e-02	1.6374784264518142e-04	1.1756494558438885e-04	
1.9745756569573289e-01	7.9967998978551980e-01	5.35274905059824e-02	-2.8108968688842032e-04	-1.7554553788810579e-04	
3.0217613805103816e-01	9.6267062130947967e-01	5.35274905059824e-02	-2.3472359987676347e-04	1.8940220667209185e-04	
3.4987216178451595e-02	7.3375751428120606e-01	5.35274905059824e-02	-5.0100410359965068e-05	-5.3134581794073485e-05	
6.0480706787170901e-01	7.6499412780888199e-01	5.35274905059824e-02	-2.5804570426054711e-04	5.0843718164721196e-04	
4.8434201728684867e-01	4.4828284892553694e-01	5.35274905059824e-02	1.2612857024612867e-04	-1.0251368807260005e-04	
9.2413382840107738e-01	9.3012250934982513e-02	5.35274905059824e-02	4.6771721943389752e-04	-2.4265130456314123e-04	
3.2340006706846725e-01	3.1563886129910002e-01	5.35274905059824e-02	-8.0555361034338158e-05	3.1454321213270054e-04	
1.0272285591758189e-01	4.1548062340650044e-01	5.35274905059824e-02	5.8664607985583735e-04	-5.2105964082656091e-04	
9.6615836017279011e-01	3.9907278659349604e-01	5.35274905059824e-02	4.4098613266461555e-04	6.2944797176478338e-05	
9.3911437301171230e-01	4.9868944697112683e-01	5.35274905059824e-02	4.0038410621681903e-04	1.6510384668196171e-04	
3.6143572852733830e-01	5.0408342309354426e-02	5.35274905059824e-02	-5.8252654033380416e-04	4.2269978331464108e-04	
1.9674750861344864e-01	3.6044382656433338e-01	5.35274905059824e-02	1.6574503985646255e-04	-8.3025373129758535e-06	
8.3160047784754321e-01	1.4274760675383533e-01	5.35274905059824e-02	4.1746922818095532e-04	-1.8115886369426368e-04	
2.2023762472957745e-02	9.4143387620808183e-01	5.35274905059824e-02	3.4426013362266972e-04	-2.2039049373565221e-04	
7.0063291752809498e-01	3.0595019945467861e-01	5.35274905059824e-02	-1.5079920096465763e-05	-8.0063236305819333e-04	
4.4878461474110187e-01	8.9141424503565225e-01	5.35274905059824e-02	-5.3472342910660016e-04	8.1857277371140023e-04	
5.5426524701684974e-03	1.6152869810402917e-01	5.35274905059824e-02	-1.8075957234652213e-04	6.4417187259224962e-05	
8.6670802429433413e-01	2.6017654183683053e-01	5.35274905059824e-02	4.8392837066236154e-04	-2.1125632434601440e-04	
3.9197374506128557e-01	3.9664446385095675e-01	5.35274905059824e-02	-4.6939735113943383e-05	3.0097221026604702e-04	
5.4281061223730842e-01	6.2357366942552805e-01	5.35274905059824e-02	6.4121308000269562e-04	8.0802783948844456e-05	
5.2972429194069903e-01	7.1338551620192547e-01	3.82339217899874e-02	-4.8250331057446698e-04	3.1602843516115016e-04	
9.3986164431817154e-01	3.1348815082498693e-01	3.82339217899874e-02	4.7326512840614396e-04	1.5846764559230241e-05	
6.6816780356501859e-01	8.3049190599038614e-01	3.82339217899874e-02	-1.2057936945999379e-04	6.1864827046354117e-04	
3.1105409875147311e-01	6.1168401307033760e-01	3.82339217899874e-02	-7.5212283357817809e-04	-4.5236852234058813e-04	
8.5776777897696355e-01	4.5729753453283722e-01	3.82339217899874e-02	9.5169438817561795e-04	-3.8214558748308938e-04	
6.7732945032456870e-01	2.1785978217075552e-01	3.82339217899874e-02	4.9702536178969717e-04	-8.6098573549156271e-04	
5.4553874943209124e-01	3.8141453813653836e-01	3.82339217899874e-02	5.1973631667885829e-05	-4.0370134058124573e-04	
4.0768776392874066e-02	3.4883139017956671e-01	3.82339217899874e-02	3.2730799691617135e-04	-2.2819037531344636e-04	
4.5271710495195572e-01	5.5080190471207713e-02	3.82339217899874e-02	-4.3421503647279565e-04	5.4190233637773722e-04	
4.1443698587776728e-01	8.0700140766970352e-01	3.82339217899874e-02	-1.2427992194764540e-04	7.0779157928403376e-04	
2.7344148401170894e-02	4.6630607836609417e-01	3.82339217899874e-02	7.8819437781523036e-04	-1.3448295309294051e-04	
1.1270790772206087e-01	3.2482454702611246e-01	3.82339217899874e-02	2.9339997270120128e-04	-5.4707425235150345e-04	
5.7515471594861345e-01	4.5104533910482603e-01	3.82339217899874e-02	1.0245035322338757e-04	-3.7121502231373136e-04	
3.5627203579039279e-01	7.5855694303204080e-01	3.82339217899874e-02	-3.1761036856919347e-04	1.1246979314705622e-03	
3.6637454208970333e-01	6.6386343930174263e-01	3.82339217899874e-02	-2.0711721571405511e-04	-8.0074950171717498e-04	
8.0858429435653412e-01	8.7300516521657634e-01	3.82339217899874e-02	1.5396026859443632e-04	7.0460076100909614e-06	
2.8857395459428381e-01	7.9372167678753114e-01	3.82339217899874e-02	-4.8517641975815188e-04	5.5046209152457594e-04	
3.4373247960465536e-01	1.4034787824344541e-01	3.82339217899874e-02	-4.8197553643176093e-04	4.0995237505212959e-04	
4.7383187007359107e-01	3.5650705912981834e-01	3.82339217899874e-02	-1.3001223953288494e-04	1.1661179986932840e-04	
3.9260649266299769e-01	9.6357203077544973e-01	3.82339217899874e-02	-3.4800354816050922e-04	1.1890942108925499e-03	
1.0808362953184983e-01	9.6919733598501534e-01	3.82339217899874e-02	-1.6187173937783203e-05	6.2293608766799037e-05	
4.5912322272956668e-01	1.8502134700912407e-01	3.82339217899874e-02	-5.9585815665927683e-05	-4.0154729464045546e-06	
1.8769238721563376e-02	5.4151058111124051e-01	3.82339217899874e-02	3.1233412609763358e-04	-1.3557204608504988e-04	
2.8899111130364502e-01	2.2248762661129654e-01	3.82339217899874e-02	-2.3430609118895850e-04	-6.1168122015069508e-04	
8.0844183567179359e-02	1.1021901166632099e-01	3.82339217899874e-02	-3.4458939376761353e-04	2.0150827163240497e-04	
6.3938692418922971e-01	1.5212088361177487e-01	3.82339217899874e-02	3.0761216158868305e-04	-6.0134637624283680e-04	
5.0912466935863510e-01	5.3678033226158384e-01	3.82339217899874e-02	-2.0361298438745540e-17	9.1178054574760220e-18	
8.5574892109715794e-01	9.3294374344372444e-01	3.82339217899874e-02	6.1092881027259170e-04	-3.0826514857390096e-04	
2.4540633976086829e-01	8.7792199499612023e-01	3.82339217899874e-02	-1.0454002940930619e-03	2.4161754419464165e-04	
4.6631310925438052e-01	9.8067083585060555e-01	3.82339217899874e-02	-3.5966195721745964e-04	6.8795705579925964e-04	
4.1741586779726642e-01	1.2216592363926808e-01	3.82339217899874e-02	-5.7809025071297237e-04	4.0470147267618832e-04	
7.9179528155236223e-01	3.1285372550610246e-01	3.82339217899874e-02	2.1931057196699066e-04	-3.4429186519848370e-04	
3.6643320329908174e-01	4.8383587563531044e-01	3.82339217899874e-02	1.4220428326664283e-04	3.9734418728888074e-04	
1.0651258476208660e-01	7.9087079674525007e-01	3.82339217899874e-02	-5.2086619784986045e-05	1.2250330570716416e-05	
6.0518797362531684e-01	9.6408937550074769e-01	3.82339217899874e-02	1.3444436508490923e-17	1.6226767814594506e-17	
4.3238568419352197e-01	5.2206439286480777e-01	3.82339217899874e-02	2.2926667250433005e-04	1.8961270634810365e-04	
6.0155234021091852e-01	2.1724608928622899e-01	3.82339217899874e-02	4.0941100524778819e-04	-6.7588511426047097e-04	
5.3124504292638697e-01	9.4166670431563948e-01	3.82339217899874e-02	-6.7958925424510888e-04	2.6399716296454515e-04	
4.9539574651601337e-01	1.1809559172609398e-01	3.82339217899874e-02	1.3532178217583413e-04	6.3800399255578040e-05	
2.6842557050249161e-01	1.4922504212068277e-01	3.82339217899874e-02	-4.4984597399771396e-04	-5.4264078379798067e-04	
9.6075263126578803e-01	2.4102633973549248e-01	3.82339217899874e-02	-5.8624265599799925e-05	-2.9130248111321948e-05	
3.6661013267979631e-01	5.5999260886067914e-01	3.82339217899874e-02	2.5129566394282814e-04	4.4706676900112317e-04	
7.3248267825000757e-01	8.7116369398868099e-01	3.82339217899874e-02	-9.0469530673985926e-06	6.9341568030861279e-04	
7.8558119361685019e-01	4.8156207702070825e-01	3.82339217899874e-02	7.4892485280915098e-04	-1.2085476026373748e-03	
8.5756074117288994e-01	8.1517336876033886e-01	3.82339217899874e-02	-3.5813265662142438e-04	-5.0394228185893263e-04	
6.1649315602019539e-01	6.7478717708057367e-01	3.82339217899874e-02	9.9415734918559192e-05	5.5687606171611604e-04	
9.1347910938030275e-01	1.8236323860517145e-01	3.82339217899874e-02	3.8492936746285599e-04	-2.9767420788535487e-04	
2.1551296879532914e-01	2.0436872229971631e-01	3.82339217899874e-02	-2.8791879656137937e-04	-5.0679476293251065e-04	
2.0013461300681865e-01	5.5739430518298283e-01	3.82339217899874e-02	2.2214530702265603e-04	4.3435924527133421e-04	
6.6616016974655445e-01	9.0681785348844279e-01	3.82339217899874e-02	-1.4303012234166218e-04	5.3218374678491991e-04	
5.3410229583745161e-01	1.8404076683284368e-01	3.82339217899874e-02	5.4157541692097255e-05	-1.3651415769560350e-05	
6.8078011804170457e-01	9.8054753946438467e-01	3.82339217899874e-02	9.9809884273270328e-04	1.7654619291369619e-04	
1.9631910465281957e-01	7.0590902555029422e-01	3.82339217899874e-02	1.2277271235889626e-04	-8.2085121114058076e-04	
2.3974595934905663e-01	2.8009830947693992e-01	3.82339217899874e-02	2.3167825859493857e-04	-1.3806207707664351e-04	
7.5603808822049523e-01	5.5874022737456064e-01	3.82339217899874e-02	-2.7277999519263773e-04	-2.7460416948955132e-04	
1.6477794857750588e-01	2.6982301936205094e-01	3.82339217899874e-02	3.4520651546293907e-04	-4.7407534077997977e-04	
1.9561085006846460e-01	1.2836426981638213e-01	3.82339217899874e-02	-4.7399927892916743e-04	-1.1001508235384618e-04	
4.1469321821402000e-01	3.0846677695931918e-01	3.82339217899874e-02	-2.1669199575337665e-04	2.5565623700694060e-04	
9.2842939486429443e-01	5.8816783098664815e-01	3.82339217899874e-02	-2.7552803300195353e-04	1.0728583293578817e-04	
2.3644959987323547e-01	6.2469073742618619e-01	3.82339217899874e-02	-6.2973185654093499e-04	9.9059726618773284e-04	
1.2245846016629033e-01	7.1693825816740131e-01	3.82339217899874e-02	1.4913919365810825e-04	4.9304502640609447e-05	
5.7150017424345290e-01	1.1810995754221684e-01	3.82339217899874e-02	1.6549720964662554e-04	-5.3640172554301964e-05	
8.6808936212196575e-01	6.3475691624469721e-01	3.82339217899874e-02	-3.8974230676019455e-04	-6.7203764717380741e-05	
7.3144231905104640e-01	3.7514983010712127e-02	3.82339217899874e-02	7.3261226615749621e-04	2.5366793781015138e-04	
